/*--------------------------------*- C++ -*----------------------------------*\
| =========                 |                                                 |
| \\      /  F ield         | OpenFOAM: The Open Source CFD Toolbox           |
|  \\    /   O peration     | Version:  2412                                  |
|   \\  /    A nd           | Website:  www.openfoam.com                      |
|    \\/     M anipulation  |                                                 |
\*---------------------------------------------------------------------------*/
FoamFile
{
    version     2.0;
    format      ascii;
    arch        "LSB;label=32;scalar=64";
    class       vectorField;
    location    "constant/polyMesh";
    object      points;
}
// * * * * * * * * * * * * * * * * * * * * * * * * * * * * * * * * * * * * * //


1352
(
(-0.02393944657 0.1143361801 0)
(-0.0205709294 0.1156583984 0)
(-0.01716284124 0.1168749937 0)
(-0.01371849308 0.1179847841 0)
(-0.01024123114 0.1189866914 0)
(-0.006734433597 0.1198797424 0)
(-0.003201507342 0.1206630693 0)
(0.0003541153557 0.1213359112 0)
(0.00392898018 0.1218976144 0)
(0.007519614117 0.1223476332 0)
(0.01112252884 0.1226855304 0)
(0.01473422408 0.1229109778 0)
(0.01835119104 0.1230237562 0)
(0.02196991581 0.1230237562 0)
(0.02558688278 0.1229109778 0)
(0.02919857802 0.1226855304 0)
(0.03280149274 0.1223476332 0)
(0.03639212667 0.1218976144 0)
(0.0399669915 0.1213359112 0)
(0.0435226142 0.1206630693 0)
(0.04705554045 0.1198797424 0)
(0.05056233799 0.1189866914 0)
(0.05403959994 0.1179847841 0)
(0.0574839481 0.1168749937 0)
(0.06089203626 0.1156583984 0)
(0.06426055343 0.1143361801 0)
(-0.02392821819 0.1153312768 0)
(-0.02055072705 0.1166133876 0)
(-0.01713493389 0.1177909583 0)
(-0.01368409221 0.1188628476 0)
(-0.01020148951 0.1198280156 0)
(-0.00669044403 0.1206855249 0)
(-0.003154301645 0.1214345413 0)
(0.0004035674096 0.122074335 0)
(0.003979771764 0.1226042807 0)
(0.007570902178 0.1230238587 0)
(0.01117353483 0.1233326554 0)
(0.0147842346 0.1235303632 0)
(0.01839955839 0.1236167814 0)
(0.02201605843 0.1235918162 0)
(0.02563028561 0.1234554806 0)
(0.02923879278 0.1232078946 0)
(0.03283813809 0.1228492852 0)
(0.03642488829 0.1223799857 0)
(0.03999562204 0.1218004359 0)
(0.04354693321 0.1211111815 0)
(0.04707543416 0.1203128736 0)
(0.05057775899 0.1194062678 0)
(0.05405056679 0.118392224 0)
(0.05749054487 0.1172717051 0)
(0.06089441191 0.1160457764 0)
(0.06425892117 0.1147156044 0)
(-0.02389453876 0.1163258667 0)
(-0.02050910228 0.1175678893 0)
(-0.01708663272 0.1187064545 0)
(-0.01363032615 0.1197404618 0)
(-0.0101434113 0.1206689095 0)
(-0.006629146505 0.1214908963 0)
(-0.003090816607 0.1222056215 0)
(0.0004682701858 0.1228123861 0)
(0.004044785452 0.1233105934 0)
(0.007635383725 0.1236997498 0)
(0.01123670569 0.123979465 0)
(0.01484538137 0.1241494524 0)
(0.01845803337 0.1242095296 0)
(0.02207128006 0.1241596183 0)
(0.02568173883 0.1239997447 0)
(0.02928602932 0.1237300393 0)
(0.0328807766 0.1233507367 0)
(0.03646261444 0.1228621757 0)
(0.0400281885 0.1222647985 0)
(0.04357415954 0.1215591508 0)
(0.04709720656 0.1207458809 0)
(0.05059403006 0.1198257395 0)
(0.0540613551 0.1187995784 0)
(0.05749593447 0.1176683502 0)
(0.06089455177 0.1164331072 0)
(0.0642540245 0.1150950005 0)
(-0.02383842543 0.1173194434 0)
(-0.02044607152 0.118521416 0)
(-0.01701795349 0.1196210141 0)
(-0.01355720994 0.1206171776 0)
(-0.01006701086 0.1215089435 0)
(-0.006550554669 0.122295446 0)
(-0.003011065177 0.1229759181 0)
(0.0005482114375 0.1235496919 0)
(0.004124009698 0.1240161992 0)
(0.007713047912 0.1243749723 0)
(0.01131203127 0.1246256443 0)
(0.01491765495 0.1247679496 0)
(0.01852660723 0.1248017239 0)
(0.02213557266 0.1247269049 0)
(0.02574123511 0.1245435316 0)
(0.029340281 0.124251745 0)
(0.03292940233 0.1238517876 0)
(0.0365052999 0.1233440033 0)
(0.04006468635 0.122728837 0)
(0.04360428933 0.1220068342 0)
(0.04712085451 0.1211786407 0)
(0.05061114877 0.1202450019 0)
(0.05407196312 0.1192067617 0)
(0.05750011587 0.1180648625 0)
(0.06089245552 0.1168203436 0)
(0.0642458638 0.1154743405 0)
(-0.02375990678 0.1183115009 0)
(-0.02036166219 0.119473481 0)
(-0.01692892244 0.1205341693 0)
(-0.01346476866 0.1214925465 0)
(-0.009972312106 0.1223476878 0)
(-0.006454691262 0.1230987635 0)
(-0.002915068925 0.12374504 0)
(0.0006433707603 0.1242858804 0)
(0.004217425265 0.124720745 0)
(0.00780387667 0.1250491921 0)
(0.01139949467 0.1252708784 0)
(0.01500103959 0.1253855589 0)
(0.01860526542 0.1253930879 0)
(0.02220892283 0.1252934184 0)
(0.02580876221 0.1250866028 0)
(0.02940153674 0.1247727925 0)
(0.03298400538 0.1243522377 0)
(0.03655293592 0.1238252875 0)
(0.04010510802 0.1231923894 0)
(0.04363731618 0.122454089 0)
(0.04714637278 0.1216110293 0)
(0.05062911103 0.1206639504 0)
(0.05408238796 0.1196136887 0)
(0.05750308733 0.1184611758 0)
(0.06088812258 0.1172074383 0)
(0.06423443967 0.1158535963 0)
(-0.02365902279 0.1193015341 0)
(-0.02025591263 0.1204235982 0)
(-0.01681957628 0.1214454532 0)
(-0.01335303739 0.1223661205 0)
(-0.009859348476 0.1231847137 0)
(-0.006341588101 0.1239004391 0)
(-0.002802858035 0.1245125965 0)
(0.0007537196029 0.1250205799 0)
(0.004325005235 0.1254238783 0)
(0.007907844714 0.125722076 0)
(0.01149907224 0.1259148529 0)
(0.01509551329 0.1260019852 0)
(0.01869398754 0.1259833453 0)
(0.02229131181 0.1258589019 0)
(0.02588430301 0.1256287205 0)
(0.02946978107 0.1252929628 0)
(0.03304457189 0.1248518871 0)
(0.0366055103 0.1243058475 0)
(0.04014944292 0.1236552941 0)
(0.04367323115 0.1229007725 0)
(0.04717375404 0.1220429232 0)
(0.05064791118 0.1210824808 0)
(0.05409262556 0.1200202738 0)
(0.05750484645 0.1188572238 0)
(0.06088155217 0.1175943442 0)
(0.06421975294 0.1162327397 0)
(-0.02353582483 0.1202890389 0)
(-0.02012887213 0.1213712824 0)
(-0.0166899622 0.1223543996 0)
(-0.01322206121 0.1232374526 0)
(-0.009728162955 0.1240195933 0)
(-0.006211286066 0.1247000638 0)
(-0.002674471292 0.1252781976 0)
(0.0008792212816 0.1257534196 0)
(0.004446715021 0.1261252473 0)
(0.008024919556 0.126393291 0)
(0.01161073359 0.1265572542 0)
(0.01520104775 0.1266169338 0)
(0.01879274741 0.1265722205 0)
(0.02238271552 0.1264230987 0)
(0.02596783551 0.126169647 0)
(0.02954499408 0.1258120375 0)
(0.03311108407 0.1253505363 0)
(0.03666300732 0.1247855029 0)
(0.04019767745 0.1241173898 0)
(0.04371202273 0.1233467426 0)
(0.0472029889 0.122474199 0)
(0.0506675419 0.1215004886 0)
(0.05410267072 0.120426432 0)
(0.05750539009 0.1192529403 0)
(0.06087274327 0.1179810141 0)
(0.06420180472 0.1166117427 0)
(-0.02339037564 0.1212735123 0)
(-0.01998060085 0.1223160498 0)
(-0.01654013779 0.1232605437 0)
(-0.01307189517 0.1241060969 0)
(-0.009578808026 0.1248518996 0)
(-0.00606383508 0.1254972298 0)
(-0.002529956053 0.1260414544 0)
(0.001019830999 0.1264840295 0)
(0.004582512391 0.1268245011 0)
(0.008155061524 0.1270625054 0)
(0.01173444161 0.1271977693 0)
(0.01531760843 0.1272301107 0)
(0.01890151303 0.1271594385 0)
(0.02248310453 0.1269857529 0)
(0.02605933286 0.1267091454 0)
(0.02962715148 0.1263297987 0)
(0.03318352019 0.1258479866 0)
(0.03672540781 0.1252640737 0)
(0.04024979499 0.1245785154 0)
(0.04375367688 0.1237918571 0)
(0.04723406586 0.1229047338 0)
(0.05068799427 0.1219178699 0)
(0.05411251707 0.1208320782 0)
(0.05750471448 0.1196482594 0)
(0.06086169466 0.1183674011 0)
(0.06418059632 0.1169905773 0)
(-0.02322274928 0.1222544531 0)
(-0.01981116984 0.123257418 0)
(-0.01637017108 0.124163422 0)
(-0.01290260425 0.1249716089 0)
(-0.009411345655 0.125681207 0)
(-0.005899294082 0.1262915303 0)
(-0.002369368233 0.1268019793 0)
(0.001175495867 0.127212041 0)
(0.00473234748 0.1275212898 0)
(0.008298223781 0.1277293882 0)
(0.01187015249 0.1278360863 0)
(0.01544515453 0.1278412229 0)
(0.01902024664 0.1277447252 0)
(0.02259244411 0.1275466092 0)
(0.02615876334 0.1272469793 0)
(0.02971622459 0.1268460288 0)
(0.03326185458 0.1263440392 0)
(0.03679268915 0.1257413805 0)
(0.04030577595 0.1250385104 0)
(0.043798177 0.1242359744 0)
(0.04726697138 0.1233344049 0)
(0.05070925777 0.1223345209 0)
(0.05412215711 0.1212371276 0)
(0.05750281512 0.1200431151 0)
(0.06084840488 0.1187534582 0)
(0.06415612931 0.1173692153 0)
(-0.02303303111 0.1232313617 0)
(-0.01962066097 0.1241949063 0)
(-0.01618014045 0.1250625728 0)
(-0.01271426336 0.1258335456 0)
(-0.009225847252 0.1265070914 0)
(-0.005717730997 0.1270825602 0)
(-0.00219277227 0.1275593858 0)
(0.001346154933 0.1279370864 0)
(0.004896162824 0.1282152648 0)
(0.008454352349 0.1283936095 0)
(0.01201781574 0.1284718941 0)
(0.01558363905 0.1284499783 0)
(0.01914890474 0.1283278075 0)
(0.02271069422 0.1281054133 0)
(0.02626609042 0.1277829134 0)
(0.02981218034 0.1273605114 0)
(0.03334605767 0.1268384967 0)
(0.03686482525 0.1262172443 0)
(0.04036559773 0.1254972148 0)
(0.043845504 0.1246789534 0)
(0.04730168982 0.1237630899 0)
(0.05073132024 0.1227503382 0)
(0.05413158219 0.1216414955 0)
(0.05749968686 0.1204374417 0)
(0.06083287225 0.1191391385 0)
(0.06412840552 0.1177476289 0)
(-0.02282131775 0.1242037406 0)
(-0.01940916689 0.125128036 0)
(-0.01597013462 0.1259575362 0)
(-0.01250695726 0.126691466 0)
(-0.009022393642 0.1273291306 0)
(-0.005519222702 0.1278699159 0)
(-0.002000241095 0.1283132892 0)
(0.001531739215 0.1286587997 0)
(0.005073893386 0.1289060789 0)
(0.008623386138 0.1290548409 0)
(0.01217737421 0.1291048831 0)
(0.0157330088 0.1290560859 0)
(0.01928743807 0.1289084131 0)
(0.02283780956 0.1286619119 0)
(0.02638127272 0.1283167131 0)
(0.02991498133 0.1278730306 0)
(0.033436096 0.1273311618 0)
(0.03694178659 0.1266914869 0)
(0.04042923474 0.125954469 0)
(0.04389563625 0.1251206533 0)
(0.04733820351 0.124190667 0)
(0.05075416797 0.1231652186 0)
(0.05414078252 0.1220450977 0)
(0.05749532386 0.1208311735 0)
(0.06081509487 0.1195243951 0)
(0.06409742698 0.1181257899 0)
(-0.022587717 0.1251710948 0)
(-0.01917679102 0.1260563307 0)
(-0.01574025258 0.1268478542 0)
(-0.01228078055 0.1275449309 0)
(-0.008801075018 0.1281469041 0)
(-0.005303854985 0.1286531957 0)
(-0.001791856091 0.1290633065 0)
(0.001732171731 0.1293768167 0)
(0.005265466588 0.1295933863 0)
(0.008805256974 0.1297127555 0)
(0.01234876413 0.1297347451 0)
(0.01589320441 0.1296592563 0)
(0.01943579166 0.1294862712 0)
(0.02297373958 0.1292158527 0)
(0.02650426411 0.1288481447 0)
(0.03002458581 0.1283833716 0)
(0.03353193222 0.1278218385 0)
(0.03702354023 0.1271639309 0)
(0.04049665847 0.1264101143 0)
(0.0439485496 0.125560934 0)
(0.04737649272 0.1246170147 0)
(0.05077778562 0.1235790594 0)
(0.05414974719 0.12244785 0)
(0.05748971959 0.1212242453 0)
(0.06079507064 0.1199091814 0)
(0.064063196 0.1185036704 0)
(-0.02233234782 0.1261329315 0)
(-0.01892364745 0.1269793164 0)
(-0.01549060358 0.1277330716 0)
(-0.01203583762 0.1283935034 0)
(-0.008561990896 0.1289599935 0)
(-0.005071722505 0.1294319998 0)
(-0.001567707058 0.1298090564 0)
(0.001947367544 0.1300907747 0)
(0.005470802353 0.1302768431 0)
(0.008999889638 0.1303670279 0)
(0.01253191515 0.1303611732 0)
(0.01606416038 0.1302592011 0)
(0.01959390488 0.1300611121 0)
(0.02311842849 0.1297669847 0)
(0.02663501366 0.1293769759 0)
(0.03014094771 0.1288913205 0)
(0.03363352513 0.1283103314 0)
(0.03711004983 0.1276343994 0)
(0.04056783742 0.1268639926 0)
(0.04400421745 0.1259996562 0)
(0.04741653568 0.1250420121 0)
(0.0508021563 0.1239917583 0)
(0.05415846414 0.1228496687 0)
(0.05748286688 0.1216165919 0)
(0.06077279724 0.1202934509 0)
(0.06402571511 0.1188812424 0)
(-0.02205534024 0.1270887611 0)
(-0.01864986091 0.1278965218 0)
(-0.01522130703 0.1286127355 0)
(-0.01177224255 0.1292367492 0)
(-0.008305250065 0.1297679832 0)
(-0.004822928738 0.1302059309 0)
(-0.001327892159 0.1305501602 0)
(0.002177233801 0.1308003134 0)
(0.005689813142 0.1309561074 0)
(0.009207201905 0.1310173346 0)
(0.01272675034 0.1309838624 0)
(0.01624580511 0.1308556339 0)
(0.01976171143 0.1306326678 0)
(0.02327181531 0.1303150584 0)
(0.0267734657 0.1299029755 0)
(0.03026401669 0.1293966646 0)
(0.0337408297 0.1287964465 0)
(0.03720127566 0.1281027169 0)
(0.04064273718 0.1273159467 0)
(0.04406261069 0.1264366809 0)
(0.04745830862 0.1254655389 0)
(0.05082726152 0.1244032135 0)
(0.05416692022 0.1232504705 0)
(0.05747475788 0.1220081483 0)
(0.06074827211 0.1206771571 0)
(0.06398498707 0.1192584779 0)
(-0.02175683533 0.1280380968 0)
(-0.01835556669 0.1288074784 0)
(-0.01493249247 0.1294863958 0)
(-0.01149011913 0.1300742367 0)
(-0.008030970534 0.1305704596 0)
(-0.004557585929 0.130974594 0)
(-0.001072517876 0.1312862412 0)
(0.002421669784 0.1315050744 0)
(0.005922403998 0.1316308393 0)
(0.009427104581 0.131663354 0)
(0.01293318629 0.1316025095 0)
(0.01643806093 0.1314482698 0)
(0.01993913943 0.1312006718 0)
(0.02343383392 0.1308598255 0)
(0.02691955986 0.1304259138 0)
(0.03039373812 0.1298991926 0)
(0.03385379707 0.1292799905 0)
(0.03729717464 0.1285687086 0)
(0.04072132042 0.1277658201 0)
(0.04412369775 0.1268718701 0)
(0.04750178572 0.1258874754 0)
(0.05085308126 0.1248133235 0)
(0.05417510115 0.1236501724 0)
(0.05746538406 0.1223988501 0)
(0.06072149253 0.1210602537 0)
(0.06394101492 0.1196353491 0)
(-0.0214369851 0.1289804551 0)
(-0.01804091059 0.129711721 0)
(-0.01462429946 0.1303536056 0)
(-0.01118960071 0.130905537 0)
(-0.007739279466 0.1313670123 0)
(-0.00427581503 0.1317375967 0)
(-0.0008016989509 0.1320169252 0)
(0.00268056696 0.1322047019 0)
(0.006168472599 0.132300701 0)
(0.009659501554 0.1323047666 0)
(0.01315113309 0.1322168133 0)
(0.01664084416 0.1320368258 0)
(0.02012611137 0.1317648592 0)
(0.02360441302 0.1314010394 0)
(0.02707323108 0.1309455623 0)
(0.03053005317 0.1303986943 0)
(0.0339723746 0.1297607716 0)
(0.03739770032 0.1290322007 0)
(0.04080354693 0.1282134574 0)
(0.04418744463 0.1273050867 0)
(0.04754693919 0.1263077027 0)
(0.05087959391 0.1252219876 0)
(0.05418299156 0.1240486918 0)
(0.05745473628 0.1227886327 0)
(0.06069245552 0.1214426947 0)
(0.0638938019 0.120011828 0)
(-0.0210959524 0.1299153562 0)
(-0.01770604883 0.130608788 0)
(-0.0142968776 0.1312139211 0)
(-0.01087083023 0.1317302246 0)
(-0.007430313117 0.1321572337 0)
(-0.003977745643 0.1324945497 0)
(-0.0005155583314 0.1327418409 0)
(0.002953809038 0.1328988425 0)
(0.00642790931 0.1329653573 0)
(0.009904289844 0.1329412554 0)
(0.01338049441 0.1328264747 0)
(0.01685406511 0.1326210208 0)
(0.02032254426 0.1323249673 0)
(0.02378347628 0.1319384555 0)
(0.02723440965 0.1314616944 0)
(0.03067289877 0.130894961 0)
(0.0340965059 0.1302385993 0)
(0.03750280298 0.1294930209 0)
(0.04088937362 0.1286587042 0)
(0.0442538149 0.1277361942 0)
(0.04759373926 0.1267261023 0)
(0.05090677637 0.1256291057 0)
(0.05419057497 0.1244459466 0)
(0.05744280471 0.1231774323 0)
(0.06066115793 0.121824434 0)
(0.0638433515 0.1203878867 0)
(-0.02073391092 0.130842324 0)
(-0.01735114798 0.131498221 0)
(-0.01395038633 0.1320669021 0)
(-0.01053396005 0.1325478771 0)
(-0.007104216765 0.1329407194 0)
(-0.003663515951 0.1332450664 0)
(-0.0002142271039 0.1334606198 0)
(0.003241272027 0.1335871458 0)
(0.006700597234 0.1336244757 0)
(0.01016135965 0.1335725057 0)
(0.01362116756 0.133431197 0)
(0.01707762819 0.1332005761 0)
(0.02052834956 0.132880735 0)
(0.02397094226 0.1324718306 0)
(0.02740302125 0.131974085 0)
(0.03082220771 0.1313877856 0)
(0.03422613083 0.1307132843 0)
(0.03761242958 0.1299509977 0)
(0.04097875456 0.1291014071 0)
(0.04432276971 0.1281650573 0)
(0.04764215417 0.127142557 0)
(0.05093460397 0.1260345781 0)
(0.05419783384 0.1248418552 0)
(0.05742957889 0.123565185 0)
(0.0606275964 0.122205426 0)
(0.06378966746 0.1207634975 0)
(-0.02035104501 0.1317608865 0)
(-0.01697638486 0.1323795659 0)
(-0.01358499497 0.1329121122 0)
(-0.01017915192 0.1333580759 0)
(-0.006761144638 0.1337170686 0)
(-0.003333272648 0.1339887637 0)
(0.0001021555716 0.1341728964 0)
(0.0035428243 0.134269264 0)
(0.006986412278 0.1342777262 0)
(0.01043059441 0.1341982052 0)
(0.01387304349 0.1340306857 0)
(0.0173114319 0.1337752151 0)
(0.02074343334 0.1334319036 0)
(0.02416672454 0.1330009237 0)
(0.02757898698 0.1324825108 0)
(0.03097790862 0.1318769626 0)
(0.03436118557 0.1311846388 0)
(0.03772652383 0.1304059614 0)
(0.04107164097 0.1295414139 0)
(0.04439426784 0.1285915415 0)
(0.04769215024 0.1275569499 0)
(0.05096305057 0.126438306 0)
(0.05420474953 0.1252363364 0)
(0.05741504774 0.1239518276 0)
(0.06059176737 0.1225856249 0)
(0.06373275376 0.1211386325 0)
(-0.01994754963 0.1326705759 0)
(-0.01658194647 0.1332523726 0)
(-0.01320088253 0.1337491188 0)
(-0.009806576922 0.1341604059 0)
(-0.00640125983 0.1344858838 0)
(-0.002987170861 0.1347252619 0)
(0.0004334425335 0.1348783087 0)
(0.003858326663 0.1349448526 0)
(0.007285223215 0.1349247819 0)
(0.01071187087 0.1348180447 0)
(0.01413600692 0.1346246492 0)
(0.01755536891 0.1343446636 0)
(0.02096769621 0.1339782164 0)
(0.02437073173 0.1335254959 0)
(0.02776222343 0.1329867505 0)
(0.03113992605 0.1323622882 0)
(0.03450160263 0.1316524768 0)
(0.03784502619 0.1308577432 0)
(0.04116798131 0.1299785738 0)
(0.0444682657 0.1290155134 0)
(0.04774369184 0.1279691654 0)
(0.0509920885 0.1268401912 0)
(0.05421130236 0.1256293098 0)
(0.05739919953 0.1243372971 0)
(0.06055366709 0.1229649856 0)
(0.06367261461 0.1215132639 0)
(-0.01952363025 0.133570929 0)
(-0.01616802989 0.1341161951 0)
(-0.01279823769 0.1345774935 0)
(-0.009416415324 0.1349544562 0)
(-0.006024734226 0.1352467716 0)
(-0.002625374076 0.1354541847 0)
(0.0007794786934 0.1355764978 0)
(0.004187632424 0.1356135703 0)
(0.007596891751 0.1355653189 0)
(0.01100505913 0.1354317177 0)
(0.01440993635 0.1352127984 0)
(0.01780932611 0.13490865 0)
(0.02120103349 0.1345194194 0)
(0.02458286752 0.1340453105 0)
(0.02795264268 0.1334865847 0)
(0.03130818047 0.1328435605 0)
(0.03464731089 0.1321166136 0)
(0.03796787396 0.1313061762 0)
(0.04126772125 0.130412737 0)
(0.04454471736 0.1294368409 0)
(0.04779674144 0.1283790886 0)
(0.05102168863 0.1272401364 0)
(0.0542174716 0.1260206953 0)
(0.05738202192 0.1247215308 0)
(0.0605132916 0.1233434627 0)
(0.06360925446 0.121887364 0)
(-0.01907950274 0.1344614874 0)
(-0.01573484215 0.1349705922 0)
(-0.01237725868 0.1353968123 0)
(-0.009008856532 0.13573982 0)
(-0.005631748403 0.1359993422 0)
(-0.002248054051 0.1361751599 0)
(0.001140101116 0.1362671088 0)
(0.00453058747 0.1362750793 0)
(0.007921272594 0.1361990166 0)
(0.01131002271 0.1360389208 0)
(0.01469470414 0.1357948471 0)
(0.0180731847 0.1354669054 0)
(0.02144333517 0.1350552607 0)
(0.02480303073 0.1345601328 0)
(0.02815015237 0.1339817961 0)
(0.03148258836 0.1333205796 0)
(0.03479823564 0.1325768666 0)
(0.03809500124 0.1317510947 0)
(0.04137080372 0.1308437551 0)
(0.04462357457 0.1298553928 0)
(0.04785125961 0.1287866057 0)
(0.05105182036 0.1276380448 0)
(0.05422323545 0.1264104134 0)
(0.05736350196 0.1251044668 0)
(0.06047063678 0.1237210115 0)
(0.063542678 0.1222609052 0)
(-0.01861539327 0.1353417974 0)
(-0.01528260018 0.1358151276 0)
(-0.01193815317 0.1362066557 0)
(-0.008584098973 0.136516095 0)
(-0.005222491549 0.1367432105 0)
(-0.001855390729 0.1368878192 0)
(0.001515139102 0.1369497903 0)
(0.004887030346 0.1369290452 0)
(0.008258213533 0.1368255577 0)
(0.01162661866 0.1366393538 0)
(0.01499017655 0.1363705121 0)
(0.01834682017 0.1360191636 0)
(0.021694486 0.1355854914 0)
(0.02503111536 0.1350697309 0)
(0.02835465576 0.1344721698 0)
(0.03166306221 0.1337931473 0)
(0.03495429861 0.1330330548 0)
(0.038226339 0.1321923348 0)
(0.04147716895 0.1312714814 0)
(0.04470478681 0.1302710392 0)
(0.04790720508 0.1291916038 0)
(0.05108245165 0.1280338208 0)
(0.05422857113 0.1267983856 0)
(0.05734362608 0.1254860431 0)
(0.06042569832 0.1240975871 0)
(0.06347289016 0.1226338597 0)
(-0.01813153817 0.1362114109 0)
(-0.01481153065 0.1366493697 0)
(-0.01148113817 0.1370066091 0)
(-0.008142350005 0.1372828832 0)
(-0.004797161359 0.1374779953 0)
(-0.001447572145 0.1375917984 0)
(0.001904414276 0.137624195 0)
(0.005256792336 0.1375751376 0)
(0.008607555512 0.1374446285 0)
(0.01195469758 0.1372327199 0)
(0.01529621386 0.1369395136 0)
(0.01863010247 0.1365651615 0)
(0.02195436558 0.136109865 0)
(0.02526701067 0.1355738753 0)
(0.02856605174 0.134957493 0)
(0.03184951059 0.1342610679 0)
(0.03511541803 0.1334849991 0)
(0.03836181515 0.1326297344 0)
(0.04158675448 0.1316957703 0)
(0.04478830128 0.1306836517 0)
(0.0479645347 0.1295939712 0)
(0.05111354902 0.1284273693 0)
(0.05423345481 0.1271845337 0)
(0.05732238013 0.1258661987 0)
(0.06037847171 0.1244731452 0)
(0.0633998961 0.1230062 0)
(-0.01762818382 0.137069885 0)
(-0.01432186988 0.1374728923 0)
(-0.01100643994 0.137796263 0)
(-0.007683825802 0.1380397918 0)
(-0.004355963937 0.1382033204 0)
(-0.001024794329 0.1382867377 0)
(0.002307740679 0.1382899797 0)
(0.005639697553 0.13821303 0)
(0.008969132716 0.1380559193 0)
(0.01229410372 0.1378187257 0)
(0.01561267038 0.1375015747 0)
(0.01892289598 0.1371046389 0)
(0.02222284838 0.1366281381 0)
(0.02551060119 0.1360723391 0)
(0.02878423493 0.1354375555 0)
(0.03204183817 0.1347241476 0)
(0.03528150866 0.1339325224 0)
(0.03850135449 0.1330631329 0)
(0.04169949521 0.1321164782 0)
(0.04487406294 0.1310931029 0)
(0.04802320352 0.1299935973 0)
(0.05114507758 0.1288185964 0)
(0.05423786169 0.1275687802 0)
(0.05729974938 0.1262448726 0)
(0.0603289523 0.1248476416 0)
(0.06332370124 0.1233778985 0)
(-0.01710558656 0.1379167825 0)
(-0.01381386372 0.1382852746 0)
(-0.01051429384 0.1385752129 0)
(-0.007208751249 0.1387864327 0)
(-0.003899113687 0.1389188141 0)
(-0.0005872612116 0.1389722819 0)
(0.002724924861 0.1389468056 0)
(0.006035563025 0.1388423998 0)
(0.009342772652 0.1386591238 0)
(0.01264467506 0.1383970816 0)
(0.01593939459 0.1380564222 0)
(0.01922505965 0.137637339 0)
(0.02249980381 0.1371400701 0)
(0.02576176682 0.136564898 0)
(0.02900909571 0.1359121494 0)
(0.03223994582 0.1351821952 0)
(0.03545248183 0.1343754499 0)
(0.03864487886 0.1334923718 0)
(0.04181532344 0.1325334627 0)
(0.04496201458 0.1314992671 0)
(0.04808316479 0.1303903726 0)
(0.05117700107 0.1292074091 0)
(0.05424176596 0.1279510486 0)
(0.0572757185 0.1266220047 0)
(0.06027713524 0.1252210324 0)
(0.0632443112 0.1237489277 0)
(-0.02393944657 0.1143361801 0.001)
(-0.0205709294 0.1156583984 0.001)
(-0.01716284124 0.1168749937 0.001)
(-0.01371849308 0.1179847841 0.001)
(-0.01024123114 0.1189866914 0.001)
(-0.006734433597 0.1198797424 0.001)
(-0.003201507342 0.1206630693 0.001)
(0.0003541153557 0.1213359112 0.001)
(0.00392898018 0.1218976144 0.001)
(0.007519614117 0.1223476332 0.001)
(0.01112252884 0.1226855304 0.001)
(0.01473422408 0.1229109778 0.001)
(0.01835119104 0.1230237562 0.001)
(0.02196991581 0.1230237562 0.001)
(0.02558688278 0.1229109778 0.001)
(0.02919857802 0.1226855304 0.001)
(0.03280149274 0.1223476332 0.001)
(0.03639212667 0.1218976144 0.001)
(0.0399669915 0.1213359112 0.001)
(0.0435226142 0.1206630693 0.001)
(0.04705554045 0.1198797424 0.001)
(0.05056233799 0.1189866914 0.001)
(0.05403959994 0.1179847841 0.001)
(0.0574839481 0.1168749937 0.001)
(0.06089203626 0.1156583984 0.001)
(0.06426055343 0.1143361801 0.001)
(-0.02392821819 0.1153312768 0.001)
(-0.02055072705 0.1166133876 0.001)
(-0.01713493389 0.1177909583 0.001)
(-0.01368409221 0.1188628476 0.001)
(-0.01020148951 0.1198280156 0.001)
(-0.00669044403 0.1206855249 0.001)
(-0.003154301645 0.1214345413 0.001)
(0.0004035674096 0.122074335 0.001)
(0.003979771764 0.1226042807 0.001)
(0.007570902178 0.1230238587 0.001)
(0.01117353483 0.1233326554 0.001)
(0.0147842346 0.1235303632 0.001)
(0.01839955839 0.1236167814 0.001)
(0.02201605843 0.1235918162 0.001)
(0.02563028561 0.1234554806 0.001)
(0.02923879278 0.1232078946 0.001)
(0.03283813809 0.1228492852 0.001)
(0.03642488829 0.1223799857 0.001)
(0.03999562204 0.1218004359 0.001)
(0.04354693321 0.1211111815 0.001)
(0.04707543416 0.1203128736 0.001)
(0.05057775899 0.1194062678 0.001)
(0.05405056679 0.118392224 0.001)
(0.05749054487 0.1172717051 0.001)
(0.06089441191 0.1160457764 0.001)
(0.06425892117 0.1147156044 0.001)
(-0.02389453876 0.1163258667 0.001)
(-0.02050910228 0.1175678893 0.001)
(-0.01708663272 0.1187064545 0.001)
(-0.01363032615 0.1197404618 0.001)
(-0.0101434113 0.1206689095 0.001)
(-0.006629146505 0.1214908963 0.001)
(-0.003090816607 0.1222056215 0.001)
(0.0004682701858 0.1228123861 0.001)
(0.004044785452 0.1233105934 0.001)
(0.007635383725 0.1236997498 0.001)
(0.01123670569 0.123979465 0.001)
(0.01484538137 0.1241494524 0.001)
(0.01845803337 0.1242095296 0.001)
(0.02207128006 0.1241596183 0.001)
(0.02568173883 0.1239997447 0.001)
(0.02928602932 0.1237300393 0.001)
(0.0328807766 0.1233507367 0.001)
(0.03646261444 0.1228621757 0.001)
(0.0400281885 0.1222647985 0.001)
(0.04357415954 0.1215591508 0.001)
(0.04709720656 0.1207458809 0.001)
(0.05059403006 0.1198257395 0.001)
(0.0540613551 0.1187995784 0.001)
(0.05749593447 0.1176683502 0.001)
(0.06089455177 0.1164331072 0.001)
(0.0642540245 0.1150950005 0.001)
(-0.02383842543 0.1173194434 0.001)
(-0.02044607152 0.118521416 0.001)
(-0.01701795349 0.1196210141 0.001)
(-0.01355720994 0.1206171776 0.001)
(-0.01006701086 0.1215089435 0.001)
(-0.006550554669 0.122295446 0.001)
(-0.003011065177 0.1229759181 0.001)
(0.0005482114375 0.1235496919 0.001)
(0.004124009698 0.1240161992 0.001)
(0.007713047912 0.1243749723 0.001)
(0.01131203127 0.1246256443 0.001)
(0.01491765495 0.1247679496 0.001)
(0.01852660723 0.1248017239 0.001)
(0.02213557266 0.1247269049 0.001)
(0.02574123511 0.1245435316 0.001)
(0.029340281 0.124251745 0.001)
(0.03292940233 0.1238517876 0.001)
(0.0365052999 0.1233440033 0.001)
(0.04006468635 0.122728837 0.001)
(0.04360428933 0.1220068342 0.001)
(0.04712085451 0.1211786407 0.001)
(0.05061114877 0.1202450019 0.001)
(0.05407196312 0.1192067617 0.001)
(0.05750011587 0.1180648625 0.001)
(0.06089245552 0.1168203436 0.001)
(0.0642458638 0.1154743405 0.001)
(-0.02375990678 0.1183115009 0.001)
(-0.02036166219 0.119473481 0.001)
(-0.01692892244 0.1205341693 0.001)
(-0.01346476866 0.1214925465 0.001)
(-0.009972312106 0.1223476878 0.001)
(-0.006454691262 0.1230987635 0.001)
(-0.002915068925 0.12374504 0.001)
(0.0006433707603 0.1242858804 0.001)
(0.004217425265 0.124720745 0.001)
(0.00780387667 0.1250491921 0.001)
(0.01139949467 0.1252708784 0.001)
(0.01500103959 0.1253855589 0.001)
(0.01860526542 0.1253930879 0.001)
(0.02220892283 0.1252934184 0.001)
(0.02580876221 0.1250866028 0.001)
(0.02940153674 0.1247727925 0.001)
(0.03298400538 0.1243522377 0.001)
(0.03655293592 0.1238252875 0.001)
(0.04010510802 0.1231923894 0.001)
(0.04363731618 0.122454089 0.001)
(0.04714637278 0.1216110293 0.001)
(0.05062911103 0.1206639504 0.001)
(0.05408238796 0.1196136887 0.001)
(0.05750308733 0.1184611758 0.001)
(0.06088812258 0.1172074383 0.001)
(0.06423443967 0.1158535963 0.001)
(-0.02365902279 0.1193015341 0.001)
(-0.02025591263 0.1204235982 0.001)
(-0.01681957628 0.1214454532 0.001)
(-0.01335303739 0.1223661205 0.001)
(-0.009859348476 0.1231847137 0.001)
(-0.006341588101 0.1239004391 0.001)
(-0.002802858035 0.1245125965 0.001)
(0.0007537196029 0.1250205799 0.001)
(0.004325005235 0.1254238783 0.001)
(0.007907844714 0.125722076 0.001)
(0.01149907224 0.1259148529 0.001)
(0.01509551329 0.1260019852 0.001)
(0.01869398754 0.1259833453 0.001)
(0.02229131181 0.1258589019 0.001)
(0.02588430301 0.1256287205 0.001)
(0.02946978107 0.1252929628 0.001)
(0.03304457189 0.1248518871 0.001)
(0.0366055103 0.1243058475 0.001)
(0.04014944292 0.1236552941 0.001)
(0.04367323115 0.1229007725 0.001)
(0.04717375404 0.1220429232 0.001)
(0.05064791118 0.1210824808 0.001)
(0.05409262556 0.1200202738 0.001)
(0.05750484645 0.1188572238 0.001)
(0.06088155217 0.1175943442 0.001)
(0.06421975294 0.1162327397 0.001)
(-0.02353582483 0.1202890389 0.001)
(-0.02012887213 0.1213712824 0.001)
(-0.0166899622 0.1223543996 0.001)
(-0.01322206121 0.1232374526 0.001)
(-0.009728162955 0.1240195933 0.001)
(-0.006211286066 0.1247000638 0.001)
(-0.002674471292 0.1252781976 0.001)
(0.0008792212816 0.1257534196 0.001)
(0.004446715021 0.1261252473 0.001)
(0.008024919556 0.126393291 0.001)
(0.01161073359 0.1265572542 0.001)
(0.01520104775 0.1266169338 0.001)
(0.01879274741 0.1265722205 0.001)
(0.02238271552 0.1264230987 0.001)
(0.02596783551 0.126169647 0.001)
(0.02954499408 0.1258120375 0.001)
(0.03311108407 0.1253505363 0.001)
(0.03666300732 0.1247855029 0.001)
(0.04019767745 0.1241173898 0.001)
(0.04371202273 0.1233467426 0.001)
(0.0472029889 0.122474199 0.001)
(0.0506675419 0.1215004886 0.001)
(0.05410267072 0.120426432 0.001)
(0.05750539009 0.1192529403 0.001)
(0.06087274327 0.1179810141 0.001)
(0.06420180472 0.1166117427 0.001)
(-0.02339037564 0.1212735123 0.001)
(-0.01998060085 0.1223160498 0.001)
(-0.01654013779 0.1232605437 0.001)
(-0.01307189517 0.1241060969 0.001)
(-0.009578808026 0.1248518996 0.001)
(-0.00606383508 0.1254972298 0.001)
(-0.002529956053 0.1260414544 0.001)
(0.001019830999 0.1264840295 0.001)
(0.004582512391 0.1268245011 0.001)
(0.008155061524 0.1270625054 0.001)
(0.01173444161 0.1271977693 0.001)
(0.01531760843 0.1272301107 0.001)
(0.01890151303 0.1271594385 0.001)
(0.02248310453 0.1269857529 0.001)
(0.02605933286 0.1267091454 0.001)
(0.02962715148 0.1263297987 0.001)
(0.03318352019 0.1258479866 0.001)
(0.03672540781 0.1252640737 0.001)
(0.04024979499 0.1245785154 0.001)
(0.04375367688 0.1237918571 0.001)
(0.04723406586 0.1229047338 0.001)
(0.05068799427 0.1219178699 0.001)
(0.05411251707 0.1208320782 0.001)
(0.05750471448 0.1196482594 0.001)
(0.06086169466 0.1183674011 0.001)
(0.06418059632 0.1169905773 0.001)
(-0.02322274928 0.1222544531 0.001)
(-0.01981116984 0.123257418 0.001)
(-0.01637017108 0.124163422 0.001)
(-0.01290260425 0.1249716089 0.001)
(-0.009411345655 0.125681207 0.001)
(-0.005899294082 0.1262915303 0.001)
(-0.002369368233 0.1268019793 0.001)
(0.001175495867 0.127212041 0.001)
(0.00473234748 0.1275212898 0.001)
(0.008298223781 0.1277293882 0.001)
(0.01187015249 0.1278360863 0.001)
(0.01544515453 0.1278412229 0.001)
(0.01902024664 0.1277447252 0.001)
(0.02259244411 0.1275466092 0.001)
(0.02615876334 0.1272469793 0.001)
(0.02971622459 0.1268460288 0.001)
(0.03326185458 0.1263440392 0.001)
(0.03679268915 0.1257413805 0.001)
(0.04030577595 0.1250385104 0.001)
(0.043798177 0.1242359744 0.001)
(0.04726697138 0.1233344049 0.001)
(0.05070925777 0.1223345209 0.001)
(0.05412215711 0.1212371276 0.001)
(0.05750281512 0.1200431151 0.001)
(0.06084840488 0.1187534582 0.001)
(0.06415612931 0.1173692153 0.001)
(-0.02303303111 0.1232313617 0.001)
(-0.01962066097 0.1241949063 0.001)
(-0.01618014045 0.1250625728 0.001)
(-0.01271426336 0.1258335456 0.001)
(-0.009225847252 0.1265070914 0.001)
(-0.005717730997 0.1270825602 0.001)
(-0.00219277227 0.1275593858 0.001)
(0.001346154933 0.1279370864 0.001)
(0.004896162824 0.1282152648 0.001)
(0.008454352349 0.1283936095 0.001)
(0.01201781574 0.1284718941 0.001)
(0.01558363905 0.1284499783 0.001)
(0.01914890474 0.1283278075 0.001)
(0.02271069422 0.1281054133 0.001)
(0.02626609042 0.1277829134 0.001)
(0.02981218034 0.1273605114 0.001)
(0.03334605767 0.1268384967 0.001)
(0.03686482525 0.1262172443 0.001)
(0.04036559773 0.1254972148 0.001)
(0.043845504 0.1246789534 0.001)
(0.04730168982 0.1237630899 0.001)
(0.05073132024 0.1227503382 0.001)
(0.05413158219 0.1216414955 0.001)
(0.05749968686 0.1204374417 0.001)
(0.06083287225 0.1191391385 0.001)
(0.06412840552 0.1177476289 0.001)
(-0.02282131775 0.1242037406 0.001)
(-0.01940916689 0.125128036 0.001)
(-0.01597013462 0.1259575362 0.001)
(-0.01250695726 0.126691466 0.001)
(-0.009022393642 0.1273291306 0.001)
(-0.005519222702 0.1278699159 0.001)
(-0.002000241095 0.1283132892 0.001)
(0.001531739215 0.1286587997 0.001)
(0.005073893386 0.1289060789 0.001)
(0.008623386138 0.1290548409 0.001)
(0.01217737421 0.1291048831 0.001)
(0.0157330088 0.1290560859 0.001)
(0.01928743807 0.1289084131 0.001)
(0.02283780956 0.1286619119 0.001)
(0.02638127272 0.1283167131 0.001)
(0.02991498133 0.1278730306 0.001)
(0.033436096 0.1273311618 0.001)
(0.03694178659 0.1266914869 0.001)
(0.04042923474 0.125954469 0.001)
(0.04389563625 0.1251206533 0.001)
(0.04733820351 0.124190667 0.001)
(0.05075416797 0.1231652186 0.001)
(0.05414078252 0.1220450977 0.001)
(0.05749532386 0.1208311735 0.001)
(0.06081509487 0.1195243951 0.001)
(0.06409742698 0.1181257899 0.001)
(-0.022587717 0.1251710948 0.001)
(-0.01917679102 0.1260563307 0.001)
(-0.01574025258 0.1268478542 0.001)
(-0.01228078055 0.1275449309 0.001)
(-0.008801075018 0.1281469041 0.001)
(-0.005303854985 0.1286531957 0.001)
(-0.001791856091 0.1290633065 0.001)
(0.001732171731 0.1293768167 0.001)
(0.005265466588 0.1295933863 0.001)
(0.008805256974 0.1297127555 0.001)
(0.01234876413 0.1297347451 0.001)
(0.01589320441 0.1296592563 0.001)
(0.01943579166 0.1294862712 0.001)
(0.02297373958 0.1292158527 0.001)
(0.02650426411 0.1288481447 0.001)
(0.03002458581 0.1283833716 0.001)
(0.03353193222 0.1278218385 0.001)
(0.03702354023 0.1271639309 0.001)
(0.04049665847 0.1264101143 0.001)
(0.0439485496 0.125560934 0.001)
(0.04737649272 0.1246170147 0.001)
(0.05077778562 0.1235790594 0.001)
(0.05414974719 0.12244785 0.001)
(0.05748971959 0.1212242453 0.001)
(0.06079507064 0.1199091814 0.001)
(0.064063196 0.1185036704 0.001)
(-0.02233234782 0.1261329315 0.001)
(-0.01892364745 0.1269793164 0.001)
(-0.01549060358 0.1277330716 0.001)
(-0.01203583762 0.1283935034 0.001)
(-0.008561990896 0.1289599935 0.001)
(-0.005071722505 0.1294319998 0.001)
(-0.001567707058 0.1298090564 0.001)
(0.001947367544 0.1300907747 0.001)
(0.005470802353 0.1302768431 0.001)
(0.008999889638 0.1303670279 0.001)
(0.01253191515 0.1303611732 0.001)
(0.01606416038 0.1302592011 0.001)
(0.01959390488 0.1300611121 0.001)
(0.02311842849 0.1297669847 0.001)
(0.02663501366 0.1293769759 0.001)
(0.03014094771 0.1288913205 0.001)
(0.03363352513 0.1283103314 0.001)
(0.03711004983 0.1276343994 0.001)
(0.04056783742 0.1268639926 0.001)
(0.04400421745 0.1259996562 0.001)
(0.04741653568 0.1250420121 0.001)
(0.0508021563 0.1239917583 0.001)
(0.05415846414 0.1228496687 0.001)
(0.05748286688 0.1216165919 0.001)
(0.06077279724 0.1202934509 0.001)
(0.06402571511 0.1188812424 0.001)
(-0.02205534024 0.1270887611 0.001)
(-0.01864986091 0.1278965218 0.001)
(-0.01522130703 0.1286127355 0.001)
(-0.01177224255 0.1292367492 0.001)
(-0.008305250065 0.1297679832 0.001)
(-0.004822928738 0.1302059309 0.001)
(-0.001327892159 0.1305501602 0.001)
(0.002177233801 0.1308003134 0.001)
(0.005689813142 0.1309561074 0.001)
(0.009207201905 0.1310173346 0.001)
(0.01272675034 0.1309838624 0.001)
(0.01624580511 0.1308556339 0.001)
(0.01976171143 0.1306326678 0.001)
(0.02327181531 0.1303150584 0.001)
(0.0267734657 0.1299029755 0.001)
(0.03026401669 0.1293966646 0.001)
(0.0337408297 0.1287964465 0.001)
(0.03720127566 0.1281027169 0.001)
(0.04064273718 0.1273159467 0.001)
(0.04406261069 0.1264366809 0.001)
(0.04745830862 0.1254655389 0.001)
(0.05082726152 0.1244032135 0.001)
(0.05416692022 0.1232504705 0.001)
(0.05747475788 0.1220081483 0.001)
(0.06074827211 0.1206771571 0.001)
(0.06398498707 0.1192584779 0.001)
(-0.02175683533 0.1280380968 0.001)
(-0.01835556669 0.1288074784 0.001)
(-0.01493249247 0.1294863958 0.001)
(-0.01149011913 0.1300742367 0.001)
(-0.008030970534 0.1305704596 0.001)
(-0.004557585929 0.130974594 0.001)
(-0.001072517876 0.1312862412 0.001)
(0.002421669784 0.1315050744 0.001)
(0.005922403998 0.1316308393 0.001)
(0.009427104581 0.131663354 0.001)
(0.01293318629 0.1316025095 0.001)
(0.01643806093 0.1314482698 0.001)
(0.01993913943 0.1312006718 0.001)
(0.02343383392 0.1308598255 0.001)
(0.02691955986 0.1304259138 0.001)
(0.03039373812 0.1298991926 0.001)
(0.03385379707 0.1292799905 0.001)
(0.03729717464 0.1285687086 0.001)
(0.04072132042 0.1277658201 0.001)
(0.04412369775 0.1268718701 0.001)
(0.04750178572 0.1258874754 0.001)
(0.05085308126 0.1248133235 0.001)
(0.05417510115 0.1236501724 0.001)
(0.05746538406 0.1223988501 0.001)
(0.06072149253 0.1210602537 0.001)
(0.06394101492 0.1196353491 0.001)
(-0.0214369851 0.1289804551 0.001)
(-0.01804091059 0.129711721 0.001)
(-0.01462429946 0.1303536056 0.001)
(-0.01118960071 0.130905537 0.001)
(-0.007739279466 0.1313670123 0.001)
(-0.00427581503 0.1317375967 0.001)
(-0.0008016989509 0.1320169252 0.001)
(0.00268056696 0.1322047019 0.001)
(0.006168472599 0.132300701 0.001)
(0.009659501554 0.1323047666 0.001)
(0.01315113309 0.1322168133 0.001)
(0.01664084416 0.1320368258 0.001)
(0.02012611137 0.1317648592 0.001)
(0.02360441302 0.1314010394 0.001)
(0.02707323108 0.1309455623 0.001)
(0.03053005317 0.1303986943 0.001)
(0.0339723746 0.1297607716 0.001)
(0.03739770032 0.1290322007 0.001)
(0.04080354693 0.1282134574 0.001)
(0.04418744463 0.1273050867 0.001)
(0.04754693919 0.1263077027 0.001)
(0.05087959391 0.1252219876 0.001)
(0.05418299156 0.1240486918 0.001)
(0.05745473628 0.1227886327 0.001)
(0.06069245552 0.1214426947 0.001)
(0.0638938019 0.120011828 0.001)
(-0.0210959524 0.1299153562 0.001)
(-0.01770604883 0.130608788 0.001)
(-0.0142968776 0.1312139211 0.001)
(-0.01087083023 0.1317302246 0.001)
(-0.007430313117 0.1321572337 0.001)
(-0.003977745643 0.1324945497 0.001)
(-0.0005155583314 0.1327418409 0.001)
(0.002953809038 0.1328988425 0.001)
(0.00642790931 0.1329653573 0.001)
(0.009904289844 0.1329412554 0.001)
(0.01338049441 0.1328264747 0.001)
(0.01685406511 0.1326210208 0.001)
(0.02032254426 0.1323249673 0.001)
(0.02378347628 0.1319384555 0.001)
(0.02723440965 0.1314616944 0.001)
(0.03067289877 0.130894961 0.001)
(0.0340965059 0.1302385993 0.001)
(0.03750280298 0.1294930209 0.001)
(0.04088937362 0.1286587042 0.001)
(0.0442538149 0.1277361942 0.001)
(0.04759373926 0.1267261023 0.001)
(0.05090677637 0.1256291057 0.001)
(0.05419057497 0.1244459466 0.001)
(0.05744280471 0.1231774323 0.001)
(0.06066115793 0.121824434 0.001)
(0.0638433515 0.1203878867 0.001)
(-0.02073391092 0.130842324 0.001)
(-0.01735114798 0.131498221 0.001)
(-0.01395038633 0.1320669021 0.001)
(-0.01053396005 0.1325478771 0.001)
(-0.007104216765 0.1329407194 0.001)
(-0.003663515951 0.1332450664 0.001)
(-0.0002142271039 0.1334606198 0.001)
(0.003241272027 0.1335871458 0.001)
(0.006700597234 0.1336244757 0.001)
(0.01016135965 0.1335725057 0.001)
(0.01362116756 0.133431197 0.001)
(0.01707762819 0.1332005761 0.001)
(0.02052834956 0.132880735 0.001)
(0.02397094226 0.1324718306 0.001)
(0.02740302125 0.131974085 0.001)
(0.03082220771 0.1313877856 0.001)
(0.03422613083 0.1307132843 0.001)
(0.03761242958 0.1299509977 0.001)
(0.04097875456 0.1291014071 0.001)
(0.04432276971 0.1281650573 0.001)
(0.04764215417 0.127142557 0.001)
(0.05093460397 0.1260345781 0.001)
(0.05419783384 0.1248418552 0.001)
(0.05742957889 0.123565185 0.001)
(0.0606275964 0.122205426 0.001)
(0.06378966746 0.1207634975 0.001)
(-0.02035104501 0.1317608865 0.001)
(-0.01697638486 0.1323795659 0.001)
(-0.01358499497 0.1329121122 0.001)
(-0.01017915192 0.1333580759 0.001)
(-0.006761144638 0.1337170686 0.001)
(-0.003333272648 0.1339887637 0.001)
(0.0001021555716 0.1341728964 0.001)
(0.0035428243 0.134269264 0.001)
(0.006986412278 0.1342777262 0.001)
(0.01043059441 0.1341982052 0.001)
(0.01387304349 0.1340306857 0.001)
(0.0173114319 0.1337752151 0.001)
(0.02074343334 0.1334319036 0.001)
(0.02416672454 0.1330009237 0.001)
(0.02757898698 0.1324825108 0.001)
(0.03097790862 0.1318769626 0.001)
(0.03436118557 0.1311846388 0.001)
(0.03772652383 0.1304059614 0.001)
(0.04107164097 0.1295414139 0.001)
(0.04439426784 0.1285915415 0.001)
(0.04769215024 0.1275569499 0.001)
(0.05096305057 0.126438306 0.001)
(0.05420474953 0.1252363364 0.001)
(0.05741504774 0.1239518276 0.001)
(0.06059176737 0.1225856249 0.001)
(0.06373275376 0.1211386325 0.001)
(-0.01994754963 0.1326705759 0.001)
(-0.01658194647 0.1332523726 0.001)
(-0.01320088253 0.1337491188 0.001)
(-0.009806576922 0.1341604059 0.001)
(-0.00640125983 0.1344858838 0.001)
(-0.002987170861 0.1347252619 0.001)
(0.0004334425335 0.1348783087 0.001)
(0.003858326663 0.1349448526 0.001)
(0.007285223215 0.1349247819 0.001)
(0.01071187087 0.1348180447 0.001)
(0.01413600692 0.1346246492 0.001)
(0.01755536891 0.1343446636 0.001)
(0.02096769621 0.1339782164 0.001)
(0.02437073173 0.1335254959 0.001)
(0.02776222343 0.1329867505 0.001)
(0.03113992605 0.1323622882 0.001)
(0.03450160263 0.1316524768 0.001)
(0.03784502619 0.1308577432 0.001)
(0.04116798131 0.1299785738 0.001)
(0.0444682657 0.1290155134 0.001)
(0.04774369184 0.1279691654 0.001)
(0.0509920885 0.1268401912 0.001)
(0.05421130236 0.1256293098 0.001)
(0.05739919953 0.1243372971 0.001)
(0.06055366709 0.1229649856 0.001)
(0.06367261461 0.1215132639 0.001)
(-0.01952363025 0.133570929 0.001)
(-0.01616802989 0.1341161951 0.001)
(-0.01279823769 0.1345774935 0.001)
(-0.009416415324 0.1349544562 0.001)
(-0.006024734226 0.1352467716 0.001)
(-0.002625374076 0.1354541847 0.001)
(0.0007794786934 0.1355764978 0.001)
(0.004187632424 0.1356135703 0.001)
(0.007596891751 0.1355653189 0.001)
(0.01100505913 0.1354317177 0.001)
(0.01440993635 0.1352127984 0.001)
(0.01780932611 0.13490865 0.001)
(0.02120103349 0.1345194194 0.001)
(0.02458286752 0.1340453105 0.001)
(0.02795264268 0.1334865847 0.001)
(0.03130818047 0.1328435605 0.001)
(0.03464731089 0.1321166136 0.001)
(0.03796787396 0.1313061762 0.001)
(0.04126772125 0.130412737 0.001)
(0.04454471736 0.1294368409 0.001)
(0.04779674144 0.1283790886 0.001)
(0.05102168863 0.1272401364 0.001)
(0.0542174716 0.1260206953 0.001)
(0.05738202192 0.1247215308 0.001)
(0.0605132916 0.1233434627 0.001)
(0.06360925446 0.121887364 0.001)
(-0.01907950274 0.1344614874 0.001)
(-0.01573484215 0.1349705922 0.001)
(-0.01237725868 0.1353968123 0.001)
(-0.009008856532 0.13573982 0.001)
(-0.005631748403 0.1359993422 0.001)
(-0.002248054051 0.1361751599 0.001)
(0.001140101116 0.1362671088 0.001)
(0.00453058747 0.1362750793 0.001)
(0.007921272594 0.1361990166 0.001)
(0.01131002271 0.1360389208 0.001)
(0.01469470414 0.1357948471 0.001)
(0.0180731847 0.1354669054 0.001)
(0.02144333517 0.1350552607 0.001)
(0.02480303073 0.1345601328 0.001)
(0.02815015237 0.1339817961 0.001)
(0.03148258836 0.1333205796 0.001)
(0.03479823564 0.1325768666 0.001)
(0.03809500124 0.1317510947 0.001)
(0.04137080372 0.1308437551 0.001)
(0.04462357457 0.1298553928 0.001)
(0.04785125961 0.1287866057 0.001)
(0.05105182036 0.1276380448 0.001)
(0.05422323545 0.1264104134 0.001)
(0.05736350196 0.1251044668 0.001)
(0.06047063678 0.1237210115 0.001)
(0.063542678 0.1222609052 0.001)
(-0.01861539327 0.1353417974 0.001)
(-0.01528260018 0.1358151276 0.001)
(-0.01193815317 0.1362066557 0.001)
(-0.008584098973 0.136516095 0.001)
(-0.005222491549 0.1367432105 0.001)
(-0.001855390729 0.1368878192 0.001)
(0.001515139102 0.1369497903 0.001)
(0.004887030346 0.1369290452 0.001)
(0.008258213533 0.1368255577 0.001)
(0.01162661866 0.1366393538 0.001)
(0.01499017655 0.1363705121 0.001)
(0.01834682017 0.1360191636 0.001)
(0.021694486 0.1355854914 0.001)
(0.02503111536 0.1350697309 0.001)
(0.02835465576 0.1344721698 0.001)
(0.03166306221 0.1337931473 0.001)
(0.03495429861 0.1330330548 0.001)
(0.038226339 0.1321923348 0.001)
(0.04147716895 0.1312714814 0.001)
(0.04470478681 0.1302710392 0.001)
(0.04790720508 0.1291916038 0.001)
(0.05108245165 0.1280338208 0.001)
(0.05422857113 0.1267983856 0.001)
(0.05734362608 0.1254860431 0.001)
(0.06042569832 0.1240975871 0.001)
(0.06347289016 0.1226338597 0.001)
(-0.01813153817 0.1362114109 0.001)
(-0.01481153065 0.1366493697 0.001)
(-0.01148113817 0.1370066091 0.001)
(-0.008142350005 0.1372828832 0.001)
(-0.004797161359 0.1374779953 0.001)
(-0.001447572145 0.1375917984 0.001)
(0.001904414276 0.137624195 0.001)
(0.005256792336 0.1375751376 0.001)
(0.008607555512 0.1374446285 0.001)
(0.01195469758 0.1372327199 0.001)
(0.01529621386 0.1369395136 0.001)
(0.01863010247 0.1365651615 0.001)
(0.02195436558 0.136109865 0.001)
(0.02526701067 0.1355738753 0.001)
(0.02856605174 0.134957493 0.001)
(0.03184951059 0.1342610679 0.001)
(0.03511541803 0.1334849991 0.001)
(0.03836181515 0.1326297344 0.001)
(0.04158675448 0.1316957703 0.001)
(0.04478830128 0.1306836517 0.001)
(0.0479645347 0.1295939712 0.001)
(0.05111354902 0.1284273693 0.001)
(0.05423345481 0.1271845337 0.001)
(0.05732238013 0.1258661987 0.001)
(0.06037847171 0.1244731452 0.001)
(0.0633998961 0.1230062 0.001)
(-0.01762818382 0.137069885 0.001)
(-0.01432186988 0.1374728923 0.001)
(-0.01100643994 0.137796263 0.001)
(-0.007683825802 0.1380397918 0.001)
(-0.004355963937 0.1382033204 0.001)
(-0.001024794329 0.1382867377 0.001)
(0.002307740679 0.1382899797 0.001)
(0.005639697553 0.13821303 0.001)
(0.008969132716 0.1380559193 0.001)
(0.01229410372 0.1378187257 0.001)
(0.01561267038 0.1375015747 0.001)
(0.01892289598 0.1371046389 0.001)
(0.02222284838 0.1366281381 0.001)
(0.02551060119 0.1360723391 0.001)
(0.02878423493 0.1354375555 0.001)
(0.03204183817 0.1347241476 0.001)
(0.03528150866 0.1339325224 0.001)
(0.03850135449 0.1330631329 0.001)
(0.04169949521 0.1321164782 0.001)
(0.04487406294 0.1310931029 0.001)
(0.04802320352 0.1299935973 0.001)
(0.05114507758 0.1288185964 0.001)
(0.05423786169 0.1275687802 0.001)
(0.05729974938 0.1262448726 0.001)
(0.0603289523 0.1248476416 0.001)
(0.06332370124 0.1233778985 0.001)
(-0.01710558656 0.1379167825 0.001)
(-0.01381386372 0.1382852746 0.001)
(-0.01051429384 0.1385752129 0.001)
(-0.007208751249 0.1387864327 0.001)
(-0.003899113687 0.1389188141 0.001)
(-0.0005872612116 0.1389722819 0.001)
(0.002724924861 0.1389468056 0.001)
(0.006035563025 0.1388423998 0.001)
(0.009342772652 0.1386591238 0.001)
(0.01264467506 0.1383970816 0.001)
(0.01593939459 0.1380564222 0.001)
(0.01922505965 0.137637339 0.001)
(0.02249980381 0.1371400701 0.001)
(0.02576176682 0.136564898 0.001)
(0.02900909571 0.1359121494 0.001)
(0.03223994582 0.1351821952 0.001)
(0.03545248183 0.1343754499 0.001)
(0.03864487886 0.1334923718 0.001)
(0.04181532344 0.1325334627 0.001)
(0.04496201458 0.1314992671 0.001)
(0.04808316479 0.1303903726 0.001)
(0.05117700107 0.1292074091 0.001)
(0.05424176596 0.1279510486 0.001)
(0.0572757185 0.1266220047 0.001)
(0.06027713524 0.1252210324 0.001)
(0.0632443112 0.1237489277 0.001)
)


// ************************************************************************* //
